# This file may be used to create an environment using:
# $ conda create --name <env> --file <this file>
# platform: win-64
absl-py=2.1.0=pypi_0
attrs=23.2.0=pypi_0
bzip2=1.0.8=hcfcfb64_5
ca-certificates=2023.11.17=h56e8100_0
cffi=1.16.0=pypi_0
contourpy=1.2.0=pypi_0
cycler=0.12.1=pypi_0
flatbuffers=23.5.26=pypi_0
fonttools=4.47.2=pypi_0
kiwisolver=1.4.5=pypi_0
libexpat=2.5.0=h63175ca_1
libffi=3.4.2=h8ffe710_5
libsqlite=3.44.2=hcfcfb64_0
libzlib=1.2.13=hcfcfb64_5
matplotlib=3.8.2=pypi_0
mediapipe=0.10.9=pypi_0
numpy=1.26.3=pypi_0
opencv-contrib-python=4.9.0.80=pypi_0
opencv-python=4.9.0.80=pypi_0
openssl=3.2.0=hcfcfb64_1
packaging=23.2=pypi_0
pillow=10.2.0=pypi_0
pip=23.3.2=pyhd8ed1ab_0
protobuf=3.20.3=pypi_0
pycparser=2.21=pypi_0
pyparsing=3.1.1=pypi_0
python=3.11.5=h2628c8c_0_cpython
python-dateutil=2.8.2=pypi_0
setuptools=69.0.3=pyhd8ed1ab_0
six=1.16.0=pypi_0
sounddevice=0.4.6=pypi_0
tk=8.6.13=h5226925_1
tzdata=2023d=h0c530f3_0
ucrt=10.0.22621.0=h57928b3_0
vc=14.3=hcf57466_18
vc14_runtime=14.38.33130=h82b7239_18
vs2015_runtime=14.38.33130=hcb4865c_18
wheel=0.42.0=pyhd8ed1ab_0
xz=5.2.6=h8d14728_0
